StartChar: Aringacute
Encoding: 506 506 458
Width: 1060
VWidth: 0
Flags: W
HStem: 0 21G<6 267.5 750 1026> 281 223<390.856 651> 1561 142<439.983 602.971>
VStem: 6 260<0 174.195> 246 189<1444.55 1552.35> 607 190<1443.71 1552.35> 750 276<0 224.965>
LayerCount: 2
Fore
Refer: 323 769 S 0.652998 0.163458 -0.189537 0.757181 857.622 375.541 2
Refer: 76 197 N 1 0 0 1 0 0 3
Validated: 1
EndChar
