StartChar: Epsilontonos
Encoding: 904 904 407
Width: 1060
VWidth: 0
Flags: W
HStem: 0 204<498.704 977.254> 646 203<500.473 799.484> 1118 205<500.473 968.452> 1197 454
VStem: 38.7068 188.56<1501.27 1600.28> 272.234 228.239<204 646 849 1118>
LayerCount: 2
Fore
Refer: 392 900 N 0.798981 0 0 1 -348 -25 2
Refer: 371 917 S 0.884648 0 0 1 182 0 3
Validated: 1
EndChar
