StartChar: Etatonos
Encoding: 905 905 408
Width: 1060
VWidth: 0
Flags: W
HStem: 0 21G<253.05 485.465 807.063 1036.78> 599 215<488.61 807.063> 1233 454 1302 15G<253.05 484.531 806.162 1036.78>
VStem: 110.032 185.305<1537.27 1636.28> 253.05 230.614<0 578.711 785 1320> 807.063 229.713<0 599 814 1317>
LayerCount: 2
Fore
Refer: 392 900 N 0.78519 0 0 1 -270 11 2
Refer: 373 919 S 0.900834 0 0 1 199 0 3
Validated: 1
EndChar
