StartChar: Omegatonos
Encoding: 911 911 404
Width: 1060
VWidth: 0
Flags: W
HStem: 1 216<122.693 281.934 856.303 1045.88> 1119 217<477.834 699.998> 1197 454
VStem: 100.942 183.311<1501.27 1600.28> 105.205 245.764<440.392 959.518> 818.564 241.162<475.882 957.896>
LayerCount: 2
Fore
Refer: 392 900 S 0.77674 0 0 1 -275 -25 2
Refer: 391 937 N 0.920464 0 0 1 96 0 3
Validated: 1
EndChar
