StartChar: Omicrontonos
Encoding: 908 908 406
Width: 1060
VWidth: 0
Flags: W
HStem: -16 203<456.925 667.201> 1147 203<482.842 674.283> 1194 454
VStem: 108.355 184<1498.27 1597.28> 122.235 248.207<295.851 964.02> 770.808 248.207<341.03 985.544>
LayerCount: 2
Fore
Refer: 392 900 S 0.779659 0 0 1 -269 -28 2
Refer: 379 927 N 0.950986 0 0 1 88 0 3
Validated: 1
EndChar
