StartChar: aringacute
Encoding: 507 507 459
Width: 1060
VWidth: 0
Flags: W
HStem: -11 200<343.627 572.837> 470 200<369.749 625.784> 820 208<290.067 600.727> 1128 132<416.395 578.541> 1385 142<416.983 579.971>
VStem: 56 262<217.581 419.927> 223 189<1269.88 1376.35> 584 190<1269.71 1376.35> 661 256<275.679 431.841 623 758.896>
LayerCount: 2
Fore
Refer: 323 769 S 0.616025 0.271363 -0.314658 0.714309 1059.17 309.143 2
Refer: 64 229 N 1 0 0 1 0 0 3
Validated: 1
EndChar
