StartChar: emdash
Encoding: 8212 8212 528
Width: 1060
VWidth: 6
Flags: W
HStem: 393 244<1.51592 1023.6>
LayerCount: 2
Fore
Refer: 100 45 N 1.15359 0 0 1 -100 0 2
Validated: 1
EndChar
