StartChar: ldot
Encoding: 320 320 257
Width: 1060
VWidth: 32
Flags: W
HStem: -18 200<618.352 874.717> 589.776 244.881<685.873 943.374> 1201 200<101.523 355>
VStem: 355 256<191.813 274 274.62 1201> 685.873 257.5<589.776 834.657>
LayerCount: 2
Fore
Refer: 171 183 N 0.817461 0 0 0.782367 336 287 2
Refer: 12 108 N 1 0 0 1 0 0 2
Validated: 1
EndChar
