StartChar: quoteright
Encoding: 8217 8217 531
Width: 1060
VWidth: -25
Flags: W
LayerCount: 2
Fore
Refer: 530 8216 N -1 1.22465e-16 -1.22465e-16 -1 1036 2232 2
Validated: 1
EndChar
