StartChar: quotedblright
Encoding: 8221 8221 535
Width: 1060
VWidth: -25
Flags: W
LayerCount: 2
Fore
Refer: 534 8220 S -1 1.22465e-16 -1.22465e-16 -1 1083 2235.9 2
Validated: 1
EndChar
