StartChar: uni03D3
Encoding: 979 979 416
Width: 1060
VWidth: 0
Flags: W
HStem: 0 21G<502.311 725.85> 1038 21G<899.713 1002.81> 1181 454 1356 20G<820.918 968.231> 1385 20G<247.357 337.012>
VStem: 69.5924 181.677<1485.27 1584.28> 502.311 223.539<0 821.734> 900.57 163.586<1070 1141.14>
LayerCount: 2
Fore
Refer: 392 900 N 0.769819 0 0 1 -303 -41 2
Refer: 415 978 N 0.856471 0 0 1 170 0 3
Validated: 1
EndChar
