StartChar: Epsilontonos
Encoding: 904 904 407
Width: 1060
VWidth: 0
Flags: W
HStem: -3 150<367.957 969.837> 666 150<370.769 781.427> 1144 153<370.769 960.503> 1206 491
VStem: 178.701 162.631<1546.42 1651.9> 222.633 148.137<147 666 816 1144>
LayerCount: 2
Fore
Refer: 392 900 N 0.903507 0 0 1 -311 -16 2
Refer: 371 917 N 0.937574 0 0 1 127 0 3
Validated: 1
EndChar
