StartChar: Etatonos
Encoding: 905 905 408
Width: 1060
VWidth: 0
Flags: W
HStem: 0 21G<186.975 339.859 845.989 996.024> 625 152<343.229 845.989> 1233 491 1276 15G<186.975 338.875 845.04 996.024>
VStem: 165.515 163.898<1573.42 1678.9> 186.975 150.984<0 604.438 749 1294> 845.989 150.035<0 625 777 1291>
LayerCount: 2
Fore
Refer: 392 900 N 0.910545 0 0 1 -328 11 2
Refer: 373 919 N 0.949588 0 0 1 130 0 3
Validated: 1
EndChar
