StartChar: Iotatonos
Encoding: 906 906 409
Width: 1060
VWidth: 0
Flags: W
HStem: -11 147<242.243 509.272 657.621 905.179> 1129 154<245.951 509.272 657.621 908.888> 1173 491
VStem: 177.144 162.114<1513.42 1618.9> 509.272 148.349<137 1136>
LayerCount: 2
Fore
Refer: 392 900 N 0.900635 0 0 1 -311 -49 2
Refer: 375 921 N 0.927184 0 0 1 118 -15 3
Validated: 1
EndChar
