StartChar: Ldot
Encoding: 319 319 256
Width: 1060
VWidth: 32
Flags: W
HStem: -3 154<302 941.956> 589.446 228.995<526.928 742.928> 1278 20G<141 302>
VStem: 141 161<151 1298> 526.928 216<589.446 818.44>
LayerCount: 2
Fore
Refer: 171 183 S 0.860558 0 0 0.851281 113 260 2
Refer: 35 76 N 1 0 0 1 0 0 3
Validated: 1
EndChar
