StartChar: Omegatonos
Encoding: 911 911 404
Width: 1060
VWidth: 0
Flags: W
HStem: 1 150<111.287 263.853 414.147 442.308 813.089 994.277> 1121 491 1170 153<406.518 722.389>
VStem: 94.6435 147.018<417.563 946.374> 180.05 152.12<1461.42 1566.9> 862.095 146.093<446.006 998.677>
LayerCount: 2
Fore
Refer: 392 900 N 0.84511 0 0 1 -278 -101 2
Refer: 391 937 N 0.92464 0 0 1 78 0 3
Validated: 1
EndChar
