StartChar: exclamdown
Encoding: 161 161 121
Width: 1060
VWidth: 0
Flags: W
LayerCount: 2
Fore
Refer: 68 33 N -0.999996 0.0027248 -0.0027248 -0.999996 1032 1018 2
Validated: 1
EndChar
