StartChar: ldot
Encoding: 320 320 257
Width: 1060
VWidth: 32
Flags: W
HStem: -16 142<542.51 910.467> 589.446 228.995<747.928 963.928> 1269 154<113.867 375>
VStem: 375 156<212.681 1268> 747.928 216<589.446 818.44>
LayerCount: 2
Fore
Refer: 171 183 N 0.860558 0 0 0.851281 334 260 2
Refer: 12 108 N 1 0 0 1 0 0 2
Validated: 1
EndChar
