StartChar: questiondown
Encoding: 191 191 172
Width: 1060
VWidth: 0
Flags: W
LayerCount: 2
Fore
Refer: 119 63 S -1 -8.74228e-08 8.74228e-08 -1 922 1019 2
Validated: 1
EndChar
