StartChar: quoteright
Encoding: 8217 8217 532
Width: 1060
VWidth: -25
Flags: W
LayerCount: 2
Fore
Refer: 531 8216 S -1 1.22465e-16 -1.22465e-16 -1 1038 2232 2
Validated: 1
EndChar
