StartChar: uni04C1
Encoding: 1217 1217 895
Width: 1060
VWidth: 0
Flags: W
HStem: -5 21G<-25 143 437 574 869.5 1036> 614 147<338.071 437 574 669.172> 1306 2G<81.1667 177.5 437 574 833.5 929.833> 1376 153<356.698 636.547>
VStem: -25 157<3.99557 142.529> 142 156<1590.28 1651.76> 437 137<-5 614 761 1308> 694 166<1585.15 1642.59> 879 157<3.99557 149.679>
LayerCount: 2
Fore
Refer: 328 774 S 1 0 0 1 -12 19 2
Refer: 758 1046 N 1 0 0 1 0 0 3
Validated: 1
EndChar
