StartChar: Epsilontonos
Encoding: 904 904 405
Width: 1060
VWidth: 0
Flags: W
HStem: -3 150<324.828 931.393> 666 150<449.525 832.056> 1144 153<508.593 1098.33> 1206 491
VStem: 184.122 377.666
LayerCount: 2
Fore
Refer: 390 900 N 0.903507 0 0 1 -311 -16 2
Refer: 369 917 N 0.937574 0 0 1 127 0 3
Validated: 1
EndChar
