StartChar: Epsilontonos
Encoding: 904 904 405
Width: 1060
VWidth: 0
Flags: W
HStem: -3 150<245.146 851.71> 666 150<369.844 752.374> 1144 153<428.911 1018.64> 1206 491
VStem: 101.885 377.666
LayerCount: 2
Fore
Refer: 390 900 N 0.903507 0 0 1 -311 -16 2
Refer: 369 917 N 0.937574 0 0 1 127 0 3
Validated: 1
EndChar
