StartChar: Etatonos
Encoding: 905 905 406
Width: 1060
VWidth: 0
Flags: W
HStem: 0 21G<115.756 285.258 774.77 928.498> 625 152<410.207 889.67> 1233 491 1276 15G<355.052 503.271 997.449 1163.15>
VStem: 170.979 380.608
LayerCount: 2
Fore
Refer: 390 900 N 0.910545 0 0 1 -328 11 2
Refer: 371 919 N 0.949588 0 0 1 130 0 3
Validated: 1
EndChar
