StartChar: Etatonos
Encoding: 905 905 406
Width: 1060
VWidth: 0
Flags: W
HStem: 0 21<36.975 206.477 695.989 849.716> 625 152<331.425 810.89> 1233 491 1276 20<276.271 424.491>
VStem: 89.27 380.608
LayerCount: 2
Fore
Refer: 390 900 N 0.910545 0 0 1 -328 11 2
Refer: 371 919 N 0.949588 0 0 1 130 0 3
Validated: 1
EndChar
