StartChar: Iotatonos
Encoding: 906 906 407
Width: 1060
VWidth: 0
Flags: W
HStem: -11 147<118.204 386.16 535.437 755.179> 1129 154<324.039 566.961 715.31 965.65> 1173 491
VStem: 100.096 376.465
LayerCount: 2
Fore
Refer: 390 900 N 0.900635 0 0 1 -311 -49 2
Refer: 373 921 N 0.927184 0 0 1 118 -15 3
Validated: 1
EndChar
