StartChar: Ldot
Encoding: 319 319 254
Width: 1060
VWidth: 32
Flags: W
HStem: -3 154<256 877.834> 1278 20G<314.111 479>
LayerCount: 2
Fore
Refer: 171 183 S 0.860558 0 0 0.851281 221 260 2
Refer: 35 76 N 1 0 0 1 0 0 3
Validated: 1
EndChar
