StartChar: Omegatonos
Encoding: 911 911 402
Width: 1060
VWidth: 0
Flags: W
HStem: 1 150<-13.748 140.667 689.903 876.63> 1121 491 1170 153<458.651 773.235>
VStem: 47.279 148.867<313.125 763.799> 98.504 353.256 864.66 141.47<636.1 1068.86>
LayerCount: 2
Fore
Refer: 390 900 N 0.84511 0 0 1 -278 -101 2
Refer: 389 937 N 0.92464 0 0 1 78 0 3
Validated: 1
EndChar
