StartChar: Omegatonos
Encoding: 911 911 402
Width: 1060
VWidth: 0
Flags: W
HStem: 1 150<66.9043 221.319 770.555 957.288> 1121 491 1170 153<539.303 853.887>
VStem: 127.931 148.867<313.125 763.799> 185.12 353.256 945.312 141.47<636.1 1068.86>
LayerCount: 2
Fore
Refer: 390 900 N 0.84511 0 0 1 -278 -101 2
Refer: 389 937 N 0.92464 0 0 1 78 0 3
Validated: 1
EndChar
