StartChar: Upsilontonos
Encoding: 910 910 401
Width: 1060
VWidth: 0
Flags: W
HStem: -6 21G<457.059 605.183> 1179 491 1308 20G<447.673 498.2 1057 1110.02>
VStem: 166.002 350.114
LayerCount: 2
Fore
Refer: 390 900 N 0.837594 0 0 1 -293 -43 2
Refer: 380 933 S 0.904207 0 0 1 165 0 3
Validated: 1
EndChar
