StartChar: Upsilontonos
Encoding: 910 910 401
Width: 1060
VWidth: 0
Flags: W
HStem: -6 21<374.874 522.999> 1179 491
VStem: 78.821 350.114
LayerCount: 2
Fore
Refer: 390 900 N 0.837594 0 0 1 -293 -43 2
Refer: 380 933 S 0.904207 0 0 1 165 0 3
Validated: 1
EndChar
