StartChar: afii10027
Encoding: 1049 1049 763
Width: 1060
Flags: W
HStem: -6 21G<2.88932 158 686 848> 1277 17G<248.111 411 813 1088> 1373.6 153<592.54 865.243>
VStem: 388.861 164<1568.55 1662.6>
LayerCount: 2
Fore
Refer: 326 774 S 1 0 0 1 -5.13895 16.6 2
Refer: 762 1048 N 1 0 0 1 0 0 3
Validated: 1
EndChar
