StartChar: afii00208
Encoding: 8213 8213 526
Width: 1060
VWidth: 6
Flags: W
HStem: 430 160<-4.50085 1086.25>
LayerCount: 2
Fore
Refer: 100 45 S 1.34827 0 0 1 -200 -13 2
Validated: 1
EndChar
