StartChar: dieresistonos
Encoding: 901 901 409
Width: 1060
VWidth: -28
Flags: W
HStem: 1092.51 192.078<320 510 725 916> 1275.47 451.814
VStem: 552.706 387.265
LayerCount: 2
Fore
Refer: 390 900 S 0.926471 0 0 0.920192 45.0001 151 2
Refer: 173 168 N 1 0 0 0.853679 0 162 2
Validated: 1
EndChar
