StartChar: ellipsis
Encoding: 8230 8230 542
Width: 1060
VWidth: 26
Flags: W
HStem: 0 269<39.4449 216.334 439.444 616.333 839.444 1016.33>
VStem: -6.77742 269.334 393.222 269.333 793.222 269.333
LayerCount: 2
Fore
Refer: 53 46 S 0.888889 0 0 1 107 0 2
Refer: 53 46 S 0.88889 0 0 1 -293 0 2
Refer: 53 46 S 0.888889 0 0 1 507 0 2
Validated: 1
EndChar
