StartChar: guillemotright
Encoding: 187 187 158
Width: 1060
VWidth: 6
Flags: W
LayerCount: 2
Fore
Refer: 157 171 S -0.999967 -0.008174 0.008174 -0.999967 1098 1032 2
Validated: 1
EndChar
