StartChar: ldot
Encoding: 320 320 255
Width: 1060
VWidth: 32
Flags: W
HStem: -18 142<481.209 835.381>
VStem: 280 161<166.217 556.789>
LayerCount: 2
Fore
Refer: 171 183 N 0.860558 0 0 0.851281 334 260 2
Refer: 12 108 N 1 0 0 1 0 0 2
Validated: 1
EndChar
