StartChar: uni04E2
Encoding: 1250 1250 930
Width: 1060
VWidth: 0
Flags: W
HStem: -6 21G<2.88932 158 686 848> 1277 17G<248.111 411 813 1088> 1378 152<500.316 925.369>
VStem: 472.369 483
LayerCount: 2
Fore
Refer: 324 772 S 1 0 0 1 4.36914 -95 2
Refer: 762 1048 N 1 0 0 1 0 0 3
Validated: 1
EndChar
