StartChar: uni030E
Encoding: 782 782 336
Width: 1060
VWidth: -34
Flags: W
LayerCount: 2
Fore
Refer: 335 781 N 1 0 0.19438 1 164 0 2
Refer: 335 781 N 1 0 0.19438 1 -100 0 2
Validated: 1
EndChar
