StartChar: Etatonos
Encoding: 905 905 408
Width: 1060
VWidth: 0
Flags: W
HStem: 0 21G<185.487 434.118 739.5 1007.5> 599 215<557.96 843.997> 1233 454 1302 15G<609.78 632.752 954.8 1199.83>
VStem: 130.447 353.336
LayerCount: 2
Fore
Refer: 392 900 N 0.78519 0 0 1 -270 11 2
Refer: 373 919 S 0.900834 0 0 1 199 0 3
Validated: 1
EndChar
