StartChar: Omegatonos
Encoding: 911 911 404
Width: 1060
VWidth: 0
Flags: W
HStem: 1 216<88.7886 251.558 825.928 1020.29> 1159 217<635.392 861.7> 1193 454
VStem: 105.163 320.438 146.626 247.605<355.383 804.159> 914.292 237.48<607.934 1098.35>
LayerCount: 2
Fore
Refer: 392 900 N 0.712084 0 0 1 -258 -29 2
Refer: 391 937 S 0.920464 0 0 1 96 0 3
Validated: 1
EndChar
