StartChar: Upsilontonos
Encoding: 910 910 403
Width: 1060
VWidth: 0
Flags: W
HStem: 1197 454 1342 20G<519.678 561.496 987.007 1054.69>
VStem: 121.137 349.533
LayerCount: 2
Fore
Refer: 392 900 N 0.77674 0 0 1 -275 -25 2
Refer: 382 933 N 0.86223 0 0 1 211 0 3
Validated: 1
EndChar
