StartChar: afii00208
Encoding: 8213 8213 750
Width: 1060
VWidth: 6
Flags: W
HStem: 400 244<6.75388 1078.8>
LayerCount: 2
Fore
Refer: 100 45 N 1.26682 0 0 1 -163 -13 2
Validated: 1
EndChar
