StartChar: dieresistonos
Encoding: 901 901 411
Width: 1060
VWidth: -28
Flags: W
HStem: 1172.76 204.883<423 655 843 1078> 1335.47 417.767
VStem: 634.5 416.912
AnchorPoint: "above_accent" 686 1090 mark 0
LayerCount: 2
Fore
Refer: 392 900 S 0.926471 0 0 0.920192 162 211 2
Refer: 173 168 N 1 0 0 0.853679 0 162 2
Validated: 1
EndChar
