StartChar: ellipsis
Encoding: 8230 8230 767
Width: 1060
VWidth: 26
Flags: W
HStem: 0 313<4.66448 233.781 404.664 633.78 804.664 1033.78>
VStem: -47.8886 334.223 352.111 334.222 752.111 334.222
LayerCount: 2
Fore
Refer: 53 46 S 0.888889 0 0 1 513 0 2
Refer: 53 46 S 0.88889 0 0 1 -287 0 2
Refer: 53 46 S 0.888889 0 0 1 113 0 2
Validated: 1
EndChar
