StartChar: quoteright
Encoding: 8217 8217 754
Width: 1060
VWidth: -25
Flags: W
LayerCount: 2
Fore
Refer: 753 8216 S -1 1.22465e-16 -1.22465e-16 -1 1301 2236.08 2
Validated: 1
EndChar
