StartChar: uni03D3
Encoding: 979 979 416
Width: 1060
VWidth: 0
Flags: W
HStem: 0 21G<438.075 679.6> 1038 21G<1011.91 1037.61> 1070 306<1022.58 1166.86> 1181 454 1385 20G<405.101 503.167>
VStem: 89.6077 346.419
LayerCount: 2
Fore
Refer: 392 900 N 0.769819 0 0 1 -303 -41 2
Refer: 415 978 N 0.856471 0 0 1 170 0 3
Validated: 1
EndChar
